000012
000018
000034
000037
000038
000039
000040
000051
000056
000057
000059
000061
000063
000066
000070
000075
000078
000080
000081
000085
000091
000096
000099
000101
000104
000108
000109
000112
000115
000125
000127
000133
000142
000143
000145
000150
000153
000157
000160
000161
000164
000167
000169
000174
000181
000185
000187
000192
000194
000196
000200
000201
000203
000214
000219
000223
000225
000227
000228
000232
000233
000235
000246
000254
000255
000268
000270
000286
000288
000289
000290
000292
000294
000295
000302
000308
000312
000313
000319
000320
000322
000328
000335
000342
000346
000348
000349
000351
000354
000361
000365
000372
000373
000376
000377
000385
000390
000392
000398
000403
000406
000409
000411
000414
000416
000417
000420
000432
000438
000440
000442
000455
000462
000466
000469
000472
000477
000481
000484
000485
000487
000491
000496
000497
000499
