000002
000008
000010
000012
000018
000020
000023
000024
000032
000034
000037
000038
000039
000040
000041
000044
000045
000046
000051
000054
000055
000056
000057
000059
000061
000063
000066
000068
000070
000071
000075
000076
000078
000079
000080
000081
000085
000088
000089
000090
000091
000093
000096
000097
000098
000099
000101
000104
000105
000108
000109
000110
000111
000112
000113
000115
000125
000126
000127
000129
000130
000131
000133
000134
000135
000136
000142
000143
000145
000150
000153
000157
000158
000160
000161
000164
000165
000167
000168
000169
000171
000174
000180
000181
000182
000185
000187
000189
000192
000193
000194
000196
000197
000200
000201
000203
000204
000206
000208
000211
000212
000213
000214
000215
000216
000217
000219
000221
000223
000225
000227
000228
000229
000231
000232
000233
000235
000237
000240
000242
000243
000246
000247
000253
000254
000255
000259
000262
000267
000268
000270
000271
000276
000283
000284
000285
000286
000288
000289
000290
000291
000292
000294
000295
000298
000302
000306
000307
000308
000312
000313
000314
000319
000320
000321
000322
000323
000324
000325
000328
000330
000331
000333
000335
000342
000344
000345
000346
000348
000349
000351
000353
000354
000356
000357
000358
000360
000361
000364
000365
000368
000369
000370
000372
000373
000376
000377
000381
000385
000386
000387
000388
000390
000392
000393
000398
000403
000406
000409
000411
000412
000413
000414
000415
000416
000417
000418
000419
000420
000422
000431
000432
000434
000438
000440
000441
000442
000443
000444
000445
000447
000450
000452
000455
000456
000457
000461
000462
000466
000467
000469
000470
000471
000472
000473
000475
000477
000478
000481
000484
000485
000487
000490
000491
000495
000496
000497
000498
000499
